0000 0000
0001 0001
0002 0002
0003 0003
0004 0004
0005 0005
0006 0006
0007 0007
0008 0008
0009 0009
0010 0010
0011 0011
0012 0012
0013 0013
0014 0014
0015 0015
0016 0016
0017 0017
0018 0018
0019 0019
0020 0020
0021 0021
0022 0022
0023 0023
0024 0024
0025 0025
0026 0026
0027 0027
0028 0028
0029 0029
0030 0030
0031 0031
0032 0032
0033 0033
0034 0034
0035 0035
0036 0036
0037 0037
0038 0038
0039 0039
0040 0040
0041 0041
0042 0042
0043 0043
0044 0044
0045 0045
0046 0046
0047 0047
0048 0048
0049 0049
0050 0050
0051 0051
0052 0052
0053 0053
0054 0054
0055 0055
0056 0056
0057 0057
0058 0058
0059 0059
0060 0060
0061 0061
0062 0062
0063 0063
0064 0064
0065 0065
0066 0066
0067 0067
0068 0068
0069 0069
0070 0070
0071 0071
0072 0072
0073 0073
0074 0074
0075 0075
0076 0076
0077 0077
0078 0078
0079 0079
0080 0080
0081 0081
0082 0082
0083 0083
0084 0084
0085 0085
0086 0086
0087 0087
0088 0088
0089 0089
0090 0090
0091 0091
0092 0092
0093 0093
0094 0094
0095 0095
0096 0096
0097 0097
0098 0098
0099 0099
0100 0100
0101 0101
0102 0102
0103 0103
0104 0104
0105 0105
0106 0106
0107 0107
0108 0108
0109 0109
0110 0110
0111 0111
0112 0112
0113 0113
0114 0114
0115 0115
0116 0116
0117 0117
0118 0118
0119 0119
0120 0120
0121 0121
0122 0122
0123 0123
0124 0124
0125 0125
0126 0126
0127 0127
0128 0128
0129 0129
0130 0130
0131 0131
0132 0132
0133 0133
0134 0134
0135 0135
0136 0136
0137 0137
0138 0138
0139 0139
0140 0140
0141 0141
0142 0142
0143 0143
0144 0144
0145 0145
0146 0146
0147 0147
0148 0148
0149 0149
0150 0150
0151 0151
0152 0152
0153 0153
0154 0154
0155 0155
0156 0156
0157 0157
0158 0158
0159 0159
0160 0160
0161 0161
0162 0162
0163 0163
0164 0164
0165 0165
0166 0166
0167 0167
0168 0168
0169 0169
0170 0170
0171 0171
0172 0172
0173 0173
0174 0174
0175 0175
0176 0176
0177 0177
0178 0178
0179 0179
0180 0180
0181 0181
0182 0182
0183 0183
0184 0184
0185 0185
0186 0186
0187 0187
0188 0188
0189 0189
0190 0190
0191 0191
0192 0192
0193 0193
0194 0194
0195 0195
0196 0196
0197 0197
0198 0198
0199 0199
0200 0200
0201 0201
0202 0202
0203 0203
0204 0204
0205 0205
0206 0206
0207 0207
0208 0208
0209 0209
0210 0210
0211 0211
0212 0212
0213 0213
0214 0214
0215 0215
0216 0216
0217 0217
0218 0218
0219 0219
0220 0220
0221 0221
0222 0222
0223 0223
0224 0224
0225 0225
0226 0226
0227 0227
0228 0228
0229 0229
0230 0230
0231 0231
0232 0232
0233 0233
0234 0234
0235 0235
0236 0236
0237 0237
0238 0238
0239 0239
0240 0240
0241 0241
0242 0242
0243 0243
0244 0244
0245 0245
0246 0246
0247 0247
0248 0248
0249 0249
0250 0250
0251 0251
0252 0252
0253 0253
0254 0254
0255 0255
0256 0256
0257 0257
0258 0258
0259 0259
0260 0260
0261 0261
0262 0262
0263 0263
0264 0264
0265 0265
0266 0266
0267 0267
0268 0268
0269 0269
0270 0270
0271 0271
0272 0272
0273 0273
0274 0274
0275 0275
0276 0276
0277 0277
0278 0278
0279 0279
0280 0280
0281 0281
0282 0282
0283 0283
0284 0284
0285 0285
0286 0286
0287 0287
0288 0288
0289 0289
0290 0290
0291 0291
0292 0292
0293 0293
0294 0294
0295 0295
0296 0296
0297 0297
0298 0298
0299 0299
0300 0300
0301 0301
0302 0302
0303 0303
0304 0304
0305 0305
0306 0306
0307 0307
0308 0308
0309 0309
0310 0310
0311 0311
0312 0312
0313 0313
0314 0314
0315 0315
0316 0316
0317 0317
0318 0318
0319 0319
0320 0320
0321 0321
0322 0322
0323 0323
0324 0324
0325 0325
0326 0326
0327 0327
0328 0328
0329 0329
0330 0330
0331 0331
0332 0332
0333 0333
0334 0334
0335 0335
0336 0336
0337 0337
0338 0338
0339 0339
0340 0340
0341 0341
0342 0342
0343 0343
0344 0344
0345 0345
0346 0346
0347 0347
0348 0348
0349 0349
0350 0350
0351 0351
0352 0352
0353 0353
0354 0354
0355 0355
0356 0356
0357 0357
0358 0358
0359 0359
0360 0360
0361 0361
0362 0362
0363 0363
0364 0364
0365 0365
0366 0366
0367 0367
0368 0368
0369 0369
0370 0370
0371 0371
0372 0372
0373 0373
0374 0374
0375 0375
0376 0376
0377 0377
0378 0378
0379 0379
0380 0380
0381 0381
0382 0382
0383 0383
0384 0384
0385 0385
0386 0386
0387 0387
0388 0388
0389 0389
0390 0390
0391 0391
0392 0392
0393 0393
0394 0394
0395 0395
0396 0396
0397 0397
0398 0398
0399 0399
0400 0400
0401 0401
0402 0402
0403 0403
0404 0404
0405 0405
0406 0406
0407 0407
0408 0408
0409 0409
0410 0410
0411 0411
0412 0412
0413 0413
0414 0414
0415 0415
0416 0416
0417 0417
0418 0418
0419 0419
0420 0420
0421 0421
0422 0422
0423 0423
0424 0424
0425 0425
0426 0426
0427 0427
0428 0428
0429 0429
0430 0430
0431 0431
0432 0432
0433 0433
0434 0434
0435 0435
0436 0436
0437 0437
0438 0438
0439 0439
0440 0440
0441 0441
0442 0442
0443 0443
0444 0444
0445 0445
0446 0446
0447 0447
0448 0448
0449 0449
0450 0450
0451 0451
0452 0452
0453 0453
0454 0454
0455 0455
0456 0456
0457 0457
0458 0458
0459 0459
0460 0460
0461 0461
0462 0462
0463 0463
0464 0464
0465 0465
0466 0466
0467 0467
0468 0468
0469 0469
0470 0470
0471 0471
0472 0472
0473 0473
0474 0474
0475 0475
0476 0476
0477 0477
0478 0478
0479 0479
0480 0480
0481 0481
0482 0482
0483 0483
0484 0484
0485 0485
0486 0486
0487 0487
0488 0488
0489 0489
0490 0490
0491 0491
0492 0492
0493 0493
0494 0494
0495 0495
0496 0496
0497 0497
0498 0498
0499 0499
0500 0500
0501 0501
0502 0502
0503 0503
0504 0504
0505 0505
0506 0506
0507 0507
0508 0508
0509 0509
0510 0510
0511 0511
0512 0512
0513 0513
0514 0514
0515 0515
0516 0516
0517 0517
0518 0518
0519 0519
0520 0520
0521 0521
0522 0522
0523 0523
0524 0524
0525 0525
0526 0526
0527 0527
0528 0528
0529 0529
0530 0530
0531 0531
0532 0532
0533 0533
0534 0534
0535 0535
0536 0536
0537 0537
0538 0538
0539 0539
0540 0540
0541 0541
0542 0542
0543 0543
0544 0544
0545 0545
0546 0546
0547 0547
0548 0548
0549 0549
0550 0550
0551 0551
0552 0552
0553 0553
0554 0554
0555 0555
0556 0556
0557 0557
0558 0558
0559 0559
0560 0560
0561 0561
0562 0562
0563 0563
0564 0564
0565 0565
0566 0566
0567 0567
0568 0568
0569 0569
0570 0570
0571 0571
0572 0572
0573 0573
0574 0574
0575 0575
0576 0576
0577 0577
0578 0578
0579 0579
0580 0580
0581 0581
0582 0582
0583 0583
0584 0584
0585 0585
0586 0586
0587 0587
0588 0588
0589 0589
0590 0590
0591 0591
0592 0592
0593 0593
0594 0594
0595 0595
0596 0596
0597 0597
0598 0598
0599 0599
0600 0600
0601 0601
0602 0602
0603 0603
0604 0604
0605 0605
0606 0606
0607 0607
0608 0608
0609 0609
0610 0610
0611 0611
0612 0612
0613 0613
0614 0614
0615 0615
0616 0616
0617 0617
0618 0618
0619 0619
0620 0620
0621 0621
0622 0622
0623 0623
0624 0624
0625 0625
0626 0626
0627 0627
0628 0628
0629 0629
0630 0630
0631 0631
0632 0632
0633 0633
0634 0634
0635 0635
0636 0636
0637 0637
0638 0638
0639 0639
0640 0640
0641 0641
0642 0642
0643 0643
0644 0644
0645 0645
0646 0646
0647 0647
0648 0648
0649 0649
0650 0650
0651 0651
0652 0652
0653 0653
0654 0654
0655 0655
0656 0656
0657 0657
0658 0658
0659 0659
0660 0660
0661 0661
0662 0662
0663 0663
0664 0664
0665 0665
0666 0666
0667 0667
0668 0668
0669 0669
0670 0670
0671 0671
0672 0672
0673 0673
0674 0674
0675 0675
0676 0676
0677 0677
0678 0678
0679 0679
0680 0680
0681 0681
0682 0682
0683 0683
0684 0684
0685 0685
0686 0686
0687 0687
0688 0688
0689 0689
0690 0690
0691 0691
0692 0692
0693 0693
0694 0694
0695 0695
0696 0696
0697 0697
0698 0698
0699 0699
0700 0700
0701 0701
0702 0702
0703 0703
0704 0704
0705 0705
0706 0706
0707 0707
0708 0708
0709 0709
0710 0710
0711 0711
0712 0712
0713 0713
0714 0714
0715 0715
0716 0716
0717 0717
0718 0718
0719 0719
0720 0720
0721 0721
0722 0722
0723 0723
0724 0724
0725 0725
0726 0726
0727 0727
0728 0728
0729 0729
0730 0730
0731 0731
0732 0732
0733 0733
0734 0734
0735 0735
0736 0736
0737 0737
0738 0738
0739 0739
0740 0740
0741 0741
0742 0742
0743 0743
0744 0744
0745 0745
0746 0746
0747 0747
0748 0748
0749 0749
0750 0750
0751 0751
0752 0752
0753 0753
0754 0754
0755 0755
0756 0756
0757 0757
0758 0758
0759 0759
0760 0760
0761 0761
0762 0762
0763 0763
0764 0764
0765 0765
0766 0766
0767 0767
0768 0768
0769 0769
0770 0770
0771 0771
0772 0772
0773 0773
0774 0774
0775 0775
0776 0776
0777 0777
0778 0778
0779 0779
0780 0780
0781 0781
0782 0782
0783 0783
0784 0784
0785 0785
0786 0786
0787 0787
0788 0788
0789 0789
0790 0790
0791 0791
0792 0792
0793 0793
0794 0794
0795 0795
0796 0796
0797 0797
0798 0798
0799 0799
0800 0800
0801 0801
0802 0802
0803 0803
0804 0804
0805 0805
0806 0806
0807 0807
0808 0808
0809 0809
0810 0810
0811 0811
0812 0812
0813 0813
0814 0814
0815 0815
0816 0816
0817 0817
0818 0818
0819 0819
0820 0820
0821 0821
0822 0822
0823 0823
0824 0824
0825 0825
0826 0826
0827 0827
0828 0828
0829 0829
0830 0830
0831 0831
0832 0832
0833 0833
0834 0834
0835 0835
0836 0836
0837 0837
0838 0838
0839 0839
0840 0840
0841 0841
0842 0842
0843 0843
0844 0844
0845 0845
0846 0846
0847 0847
0848 0848
0849 0849
0850 0850
0851 0851
0852 0852
0853 0853
0854 0854
0855 0855
0856 0856
0857 0857
0858 0858
0859 0859
0860 0860
0861 0861
0862 0862
0863 0863
0864 0864
0865 0865
0866 0866
0867 0867
0868 0868
0869 0869
0870 0870
0871 0871
0872 0872
0873 0873
0874 0874
0875 0875
0876 0876
0877 0877
0878 0878
0879 0879
0880 0880
0881 0881
0882 0882
0883 0883
0884 0884
0885 0885
0886 0886
0887 0887
0888 0888
0889 0889
0890 0890
0891 0891
0892 0892
0893 0893
0894 0894
0895 0895
0896 0896
0897 0897
0898 0898
0899 0899
0900 0900
0901 0901
0902 0902
0903 0903
0904 0904
0905 0905
0906 0906
0907 0907
0908 0908
0909 0909
0910 0910
0911 0911
0912 0912
0913 0913
0914 0914
0915 0915
0916 0916
0917 0917
0918 0918
0919 0919
0920 0920
0921 0921
0922 0922
0923 0923
0924 0924
0925 0925
0926 0926
0927 0927
0928 0928
0929 0929
0930 0930
0931 0931
0932 0932
0933 0933
0934 0934
0935 0935
0936 0936
0937 0937
0938 0938
0939 0939
0940 0940
0941 0941
0942 0942
0943 0943
0944 0944
0945 0945
0946 0946
0947 0947
0948 0948
0949 0949
0950 0950
0951 0951
0952 0952
0953 0953
0954 0954
0955 0955
0956 0956
0957 0957
0958 0958
0959 0959
0960 0960
0961 0961
0962 0962
0963 0963
0964 0964
0965 0965
0966 0966
0967 0967
0968 0968
0969 0969
0970 0970
0971 0971
0972 0972
0973 0973
0974 0974
0975 0975
0976 0976
0977 0977
0978 0978
0979 0979
0980 0980
0981 0981
0982 0982
0983 0983
0984 0984
0985 0985
0986 0986
0987 0987
0988 0988
0989 0989
0990 0990
0991 0991
0992 0992
0993 0993
0994 0994
0995 0995
0996 0996
0997 0997
0998 0998
0999 0999
1000 1000
1001 1001
1002 1002
1003 1003
1004 1004
1005 1005
1006 1006
1007 1007
1008 1008
1009 1009
1010 1010
1011 1011
1012 1012
1013 1013
1014 1014
1015 1015
1016 1016
1017 1017
1018 1018
1019 1019
1020 1020
1021 1021
1022 1022
1023 1023
1024 1024
1025 1025
1026 1026
1027 1027
1028 1028
1029 1029
1030 1030
1031 1031
1032 1032
1033 1033
1034 1034
1035 1035
1036 1036
1037 1037
1038 1038
1039 1039
1040 1040
1041 1041
1042 1042
1043 1043
1044 1044
1045 1045
1046 1046
1047 1047
1048 1048
1049 1049
1050 1050
1051 1051
1052 1052
1053 1053
1054 1054
1055 1055
1056 1056
1057 1057
1058 1058
1059 1059
1060 1060
1061 1061
1062 1062
1063 1063
1064 1064
1065 1065
1066 1066
1067 1067
1068 1068
1069 1069
1070 1070
1071 1071
1072 1072
1073 1073
1074 1074
1075 1075
1076 1076
1077 1077
1078 1078
1079 1079
1080 1080
1081 1081
1082 1082
1083 1083
1084 1084
1085 1085
1086 1086
1087 1087
1088 1088
1089 1089
1090 1090
1091 1091
1092 1092
1093 1093
1094 1094
1095 1095
1096 1096
1097 1097
1098 1098
1099 1099
1100 1100
1101 1101
1102 1102
1103 1103
1104 1104
1105 1105
1106 1106
1107 1107
1108 1108
1109 1109
1110 1110
1111 1111
1112 1112
1113 1113
1114 1114
1115 1115
1116 1116
1117 1117
1118 1118
1119 1119
1120 1120
1121 1121
1122 1122
1123 1123
1124 1124
1125 1125
1126 1126
1127 1127
1128 1128
1129 1129
1130 1130
1131 1131
1132 1132
1133 1133
1134 1134
1135 1135
1136 1136
1137 1137
1138 1138
1139 1139
1140 1140
1141 1141
1142 1142
1143 1143
1144 1144
1145 1145
1146 1146
1147 1147
1148 1148
1149 1149
1150 1150
1151 1151
1152 1152
1153 1153
1154 1154
1155 1155
1156 1156
1157 1157
1158 1158
1159 1159
1160 1160
1161 1161
1162 1162
1163 1163
1164 1164
1165 1165
1166 1166
1167 1167
1168 1168
1169 1169
1170 1170
1171 1171
1172 1172
1173 1173
1174 1174
1175 1175
1176 1176
1177 1177
1178 1178
1179 1179
1180 1180
1181 1181
1182 1182
1183 1183
1184 1184
1185 1185
1186 1186
1187 1187
1188 1188
1189 1189
1190 1190
1191 1191
1192 1192
1193 1193
1194 1194
1195 1195
1196 1196
1197 1197
1198 1198
1199 1199
1200 1200
1201 1201
1202 1202
1203 1203
1204 1204
1205 1205
1206 1206
1207 1207
1208 1208
1209 1209
1210 1210
1211 1211
1212 1212
1213 1213
1214 1214
1215 1215
1216 1216
1217 1217
1218 1218
1219 1219
1220 1220
1221 1221
1222 1222
1223 1223
1224 1224
1225 1225
1226 1226
1227 1227
1228 1228
1229 1229
1230 1230
1231 1231
1232 1232
1233 1233
1234 1234
1235 1235
1236 1236
1237 1237
1238 1238
1239 1239
1240 1240
1241 1241
1242 1242
1243 1243
1244 1244
1245 1245
1246 1246
1247 1247
1248 1248
1249 1249
1250 1250
1251 1251
1252 1252
1253 1253
1254 1254
1255 1255
1256 1256
1257 1257
1258 1258
1259 1259
1260 1260
1261 1261
1262 1262
1263 1263
1264 1264
1265 1265
1266 1266
1267 1267
1268 1268
1269 1269
1270 1270
1271 1271
1272 1272
1273 1273
1274 1274
1275 1275
1276 1276
1277 1277
1278 1278
1279 1279
1280 1280
1281 1281
1282 1282
1283 1283
1284 1284
1285 1285
1286 1286
1287 1287
1288 1288
1289 1289
1290 1290
1291 1291
1292 1292
1293 1293
1294 1294
1295 1295
1296 1296
1297 1297
1298 1298
1299 1299
1300 1300
1301 1301
1302 1302
1303 1303
1304 1304
1305 1305
1306 1306
1307 1307
1308 1308
1309 1309
1310 1310
1311 1311
1312 1312
1313 1313
1314 1314
1315 1315
1316 1316
1317 1317
1318 1318
1319 1319
1320 1320
1321 1321
1322 1322
1323 1323
1324 1324
1325 1325
1326 1326
1327 1327
1328 1328
1329 1329
1330 1330
1331 1331
1332 1332
1333 1333
1334 1334
1335 1335
1336 1336
1337 1337
1338 1338
1339 1339
1340 1340
1341 1341
1342 1342
1343 1343
1344 1344
1345 1345
1346 1346
1347 1347
1348 1348
1349 1349
1350 1350
1351 1351
1352 1352
1353 1353
1354 1354
1355 1355
1356 1356
1357 1357
1358 1358
1359 1359
1360 1360
1361 1361
1362 1362
1363 1363
1364 1364
1365 1365
1366 1366
1367 1367
1368 1368
1369 1369
1370 1370
1371 1371
1372 1372
1373 1373
1374 1374
1375 1375
1376 1376
1377 1377
1378 1378
1379 1379
1380 1380
1381 1381
1382 1382
1383 1383
1384 1384
1385 1385
1386 1386
1387 1387
1388 1388
1389 1389
1390 1390
1391 1391
1392 1392
1393 1393
1394 1394
1395 1395
1396 1396
1397 1397
1398 1398
1399 1399
1400 1400
1401 1401
1402 1402
1403 1403
1404 1404
1405 1405
1406 1406
1407 1407
1408 1408
1409 1409
1410 1410
1411 1411
1412 1412
1413 1413
1414 1414
1415 1415
1416 1416
1417 1417
1418 1418
1419 1419
1420 1420
1421 1421
1422 1422
1423 1423
1424 1424
1425 1425
1426 1426
1427 1427
1428 1428
1429 1429
1430 1430
1431 1431
1432 1432
1433 1433
1434 1434
1435 1435
1436 1436
1437 1437
1438 1438
1439 1439
1440 1440
1441 1441
1442 1442
1443 1443
1444 1444
1445 1445
1446 1446
1447 1447
1448 1448
1449 1449
1450 1450
1451 1451
1452 1452
1453 1453
1454 1454
1455 1455
1456 1456
1457 1457
1458 1458
1459 1459
1460 1460
1461 1461
1462 1462
1463 1463
1464 1464
1465 1465
1466 1466
1467 1467
1468 1468
1469 1469
1470 1470
1471 1471
1472 1472
1473 1473
1474 1474
1475 1475
1476 1476
1477 1477
1478 1478
1479 1479
1480 1480
1481 1481
1482 1482
1483 1483
1484 1484
1485 1485
1486 1486
1487 1487
1488 1488
1489 1489
1490 1490
1491 1491
1492 1492
1493 1493
1494 1494
1495 1495
1496 1496
1497 1497
1498 1498
1499 1499
1500 1500
1501 1501
1502 1502
1503 1503
1504 1504
1505 1505
1506 1506
1507 1507
1508 1508
1509 1509
1510 1510
1511 1511
1512 1512
1513 1513
1514 1514
1515 1515
1516 1516
1517 1517
1518 1518
1519 1519
1520 1520
1521 1521
1522 1522
1523 1523
1524 1524
1525 1525
1526 1526
1527 1527
1528 1528
1529 1529
1530 1530
1531 1531
1532 1532
1533 1533
1534 1534
1535 1535
1536 1536
1537 1537
1538 1538
1539 1539
1540 1540
1541 1541
1542 1542
1543 1543
1544 1544
1545 1545
1546 1546
1547 1547
1548 1548
1549 1549
1550 1550
1551 1551
1552 1552
1553 1553
1554 1554
1555 1555
1556 1556
1557 1557
1558 1558
1559 1559
1560 1560
1561 1561
1562 1562
1563 1563
1564 1564
1565 1565
1566 1566
1567 1567
1568 1568
1569 1569
1570 1570
1571 1571
1572 1572
1573 1573
1574 1574
1575 1575
1576 1576
1577 1577
1578 1578
1579 1579
1580 1580
1581 1581
1582 1582
1583 1583
1584 1584
1585 1585
1586 1586
1587 1587
1588 1588
1589 1589
1590 1590
1591 1591
1592 1592
1593 1593
1594 1594
1595 1595
1596 1596
1597 1597
1598 1598
1599 1599
1600 1600
1601 1601
1602 1602
1603 1603
1604 1604
1605 1605
1606 1606
1607 1607
1608 1608
1609 1609
1610 1610
1611 1611
1612 1612
1613 1613
1614 1614
1615 1615
1616 1616
1617 1617
1618 1618
1619 1619
1620 1620
1621 1621
1622 1622
1623 1623
1624 1624
1625 1625
1626 1626
1627 1627
1628 1628
1629 1629
1630 1630
1631 1631
1632 1632
1633 1633
1634 1634
1635 1635
1636 1636
1637 1637
1638 1638
1639 1639
1640 1640
1641 1641
1642 1642
1643 1643
1644 1644
1645 1645
1646 1646
1647 1647
1648 1648
1649 1649
1650 1650
1651 1651
1652 1652
1653 1653
1654 1654
1655 1655
1656 1656
1657 1657
1658 1658
1659 1659
1660 1660
1661 1661
1662 1662
1663 1663
1664 1664
1665 1665
1666 1666
1667 1667
1668 1668
1669 1669
1670 1670
1671 1671
1672 1672
1673 1673
1674 1674
1675 1675
1676 1676
1677 1677
1678 1678
1679 1679
1680 1680
1681 1681
1682 1682
1683 1683
1684 1684
1685 1685
1686 1686
1687 1687
1688 1688
1689 1689
1690 1690
1691 1691
1692 1692
1693 1693
1694 1694
1695 1695
1696 1696
1697 1697
1698 1698
1699 1699
1700 1700
1701 1701
1702 1702
1703 1703
1704 1704
1705 1705
1706 1706
1707 1707
1708 1708
1709 1709
1710 1710
1711 1711
1712 1712
1713 1713
1714 1714
1715 1715
1716 1716
1717 1717
1718 1718
1719 1719
1720 1720
1721 1721
1722 1722
1723 1723
1724 1724
1725 1725
1726 1726
1727 1727
1728 1728
1729 1729
1730 1730
1731 1731
1732 1732
1733 1733
1734 1734
1735 1735
1736 1736
1737 1737
1738 1738
1739 1739
1740 1740
1741 1741
1742 1742
1743 1743
1744 1744
1745 1745
1746 1746
1747 1747
1748 1748
1749 1749
1750 1750
1751 1751
1752 1752
1753 1753
1754 1754
1755 1755
1756 1756
1757 1757
1758 1758
1759 1759
1760 1760
1761 1761
1762 1762
1763 1763
1764 1764
1765 1765
1766 1766
1767 1767
1768 1768
1769 1769
1770 1770
1771 1771
1772 1772
1773 1773
1774 1774
1775 1775
1776 1776
1777 1777
1778 1778
1779 1779
1780 1780
1781 1781
1782 1782
1783 1783
1784 1784
1785 1785
1786 1786
1787 1787
1788 1788
1789 1789
1790 1790
1791 1791
1792 1792
1793 1793
1794 1794
1795 1795
1796 1796
1797 1797
1798 1798
1799 1799
1800 1800
1801 1801
1802 1802
1803 1803
1804 1804
1805 1805
1806 1806
1807 1807
1808 1808
1809 1809
1810 1810
1811 1811
1812 1812
1813 1813
1814 1814
1815 1815
1816 1816
1817 1817
1818 1818
1819 1819
1820 1820
1821 1821
1822 1822
1823 1823
1824 1824
1825 1825
1826 1826
1827 1827
1828 1828
1829 1829
1830 1830
1831 1831
1832 1832
1833 1833
1834 1834
1835 1835
1836 1836
1837 1837
1838 1838
1839 1839
1840 1840
1841 1841
1842 1842
1843 1843
1844 1844
1845 1845
1846 1846
1847 1847
1848 1848
1849 1849
1850 1850
1851 1851
1852 1852
1853 1853
1854 1854
1855 1855
1856 1856
1857 1857
1858 1858
1859 1859
1860 1860
1861 1861
1862 1862
1863 1863
1864 1864
1865 1865
1866 1866
1867 1867
1868 1868
1869 1869
1870 1870
1871 1871
1872 1872
1873 1873
1874 1874
1875 1875
1876 1876
1877 1877
1878 1878
1879 1879
1880 1880
1881 1881
1882 1882
1883 1883
1884 1884
1885 1885
1886 1886
1887 1887
1888 1888
1889 1889
1890 1890
1891 1891
1892 1892
1893 1893
1894 1894
1895 1895
1896 1896
1897 1897
1898 1898
1899 1899
1900 1900
1901 1901
1902 1902
1903 1903
1904 1904
1905 1905
1906 1906
1907 1907
1908 1908
1909 1909
1910 1910
1911 1911
1912 1912
1913 1913
1914 1914
1915 1915
1916 1916
1917 1917
1918 1918
1919 1919
1920 1920
1921 1921
1922 1922
1923 1923
1924 1924
1925 1925
1926 1926
1927 1927
1928 1928
1929 1929
1930 1930
1931 1931
1932 1932
1933 1933
1934 1934
1935 1935
1936 1936
1937 1937
1938 1938
1939 1939
1940 1940
1941 1941
1942 1942
1943 1943
1944 1944
1945 1945
1946 1946
1947 1947
1948 1948
1949 1949
1950 1950
1951 1951
1952 1952
1953 1953
1954 1954
1955 1955
1956 1956
1957 1957
1958 1958
1959 1959
1960 1960
1961 1961
1962 1962
1963 1963
1964 1964
1965 1965
1966 1966
1967 1967
1968 1968
1969 1969
1970 1970
1971 1971
1972 1972
1973 1973
1974 1974
1975 1975
1976 1976
1977 1977
1978 1978
1979 1979
1980 1980
1981 1981
1982 1982
1983 1983
1984 1984
1985 1985
1986 1986
1987 1987
1988 1988
1989 1989
1990 1990
1991 1991
1992 1992
1993 1993
1994 1994
1995 1995
1996 1996
1997 1997
1998 1998
1999 1999
2000 2000
2001 2001
2002 2002
2003 2003
2004 2004
2005 2005
2006 2006
2007 2007
2008 2008
2009 2009
2010 2010
2011 2011
2012 2012
2013 2013
2014 2014
2015 2015
2016 2016
2017 2017
2018 2018
2019 2019
2020 2020
2021 2021
2022 2022
2023 2023
2024 2024
2025 2025
2026 2026
2027 2027
2028 2028
2029 2029
2030 2030
2031 2031
2032 2032
2033 2033
2034 2034
2035 2035
2036 2036
2037 2037
2038 2038
2039 2039
2040 2040
2041 2041
2042 2042
2043 2043
2044 2044
2045 2045
2046 2046
2047 2047
2048 2048
2049 2049
2050 2050
2051 2051
2052 2052
2053 2053
2054 2054
2055 2055
2056 2056
2057 2057
2058 2058
2059 2059
2060 2060
2061 2061
2062 2062
2063 2063
2064 2064
2065 2065
2066 2066
2067 2067
2068 2068
2069 2069
2070 2070
2071 2071
2072 2072
2073 2073
2074 2074
2075 2075
2076 2076
2077 2077
2078 2078
2079 2079
2080 2080
2081 2081
2082 2082
2083 2083
2084 2084
2085 2085
2086 2086
2087 2087
2088 2088
2089 2089
2090 2090
2091 2091
2092 2092
2093 2093
2094 2094
2095 2095
2096 2096
2097 2097
2098 2098
2099 2099
2100 2100
2101 2101
2102 2102
2103 2103
2104 2104
2105 2105
2106 2106
2107 2107
2108 2108
2109 2109
2110 2110
2111 2111
2112 2112
2113 2113
2114 2114
2115 2115
2116 2116
2117 2117
2118 2118
2119 2119
2120 2120
2121 2121
2122 2122
2123 2123
2124 2124
2125 2125
2126 2126
2127 2127
2128 2128
2129 2129
2130 2130
2131 2131
2132 2132
2133 2133
2134 2134
2135 2135
2136 2136
2137 2137
2138 2138
2139 2139
2140 2140
2141 2141
2142 2142
2143 2143
2144 2144
2145 2145
2146 2146
2147 2147
2148 2148
2149 2149
2150 2150
2151 2151
2152 2152
2153 2153
2154 2154
2155 2155
2156 2156
2157 2157
2158 2158
2159 2159
2160 2160
2161 2161
2162 2162
2163 2163
2164 2164
2165 2165
2166 2166
2167 2167
2168 2168
2169 2169
2170 2170
2171 2171
2172 2172
2173 2173
2174 2174
2175 2175
2176 2176
2177 2177
2178 2178
2179 2179
2180 2180
2181 2181
2182 2182
2183 2183
2184 2184
2185 2185
2186 2186
2187 2187
2188 2188
2189 2189
2190 2190
2191 2191
2192 2192
2193 2193
2194 2194
2195 2195
2196 2196
2197 2197
2198 2198
2199 2199
2200 2200
2201 2201
2202 2202
2203 2203
2204 2204
2205 2205
2206 2206
2207 2207
2208 2208
2209 2209
2210 2210
2211 2211
2212 2212
2213 2213
2214 2214
2215 2215
2216 2216
2217 2217
2218 2218
2219 2219
2220 2220
2221 2221
2222 2222
2223 2223
2224 2224
2225 2225
2226 2226
2227 2227
2228 2228
2229 2229
2230 2230
2231 2231
2232 2232
2233 2233
2234 2234
2235 2235
2236 2236
2237 2237
2238 2238
2239 2239
2240 2240
2241 2241
2242 2242
2243 2243
2244 2244
2245 2245
2246 2246
2247 2247
2248 2248
2249 2249
2250 2250
2251 2251
2252 2252
2253 2253
2254 2254
2255 2255
2256 2256
2257 2257
2258 2258
2259 2259
2260 2260
2261 2261
2262 2262
2263 2263
2264 2264
2265 2265
2266 2266
2267 2267
2268 2268
2269 2269
2270 2270
2271 2271
2272 2272
2273 2273
2274 2274
2275 2275
2276 2276
2277 2277
2278 2278
2279 2279
2280 2280
2281 2281
2282 2282
2283 2283
2284 2284
2285 2285
2286 2286
2287 2287
2288 2288
2289 2289
2290 2290
2291 2291
2292 2292
2293 2293
2294 2294
2295 2295
2296 2296
2297 2297
2298 2298
2299 2299
2300 2300
2301 2301
2302 2302
2303 2303
2304 2304
2305 2305
2306 2306
2307 2307
2308 2308
2309 2309
2310 2310
2311 2311
2312 2312
2313 2313
2314 2314
2315 2315
2316 2316
2317 2317
2318 2318
2319 2319
2320 2320
2321 2321
2322 2322
2323 2323
2324 2324
2325 2325
2326 2326
2327 2327
2328 2328
2329 2329
2330 2330
2331 2331
2332 2332
2333 2333
2334 2334
2335 2335
2336 2336
2337 2337
2338 2338
2339 2339
2340 2340
2341 2341
2342 2342
2343 2343
2344 2344
2345 2345
2346 2346
2347 2347
2348 2348
2349 2349
2350 2350
2351 2351
2352 2352
2353 2353
2354 2354
2355 2355
2356 2356
2357 2357
2358 2358
2359 2359
2360 2360
2361 2361
2362 2362
2363 2363
2364 2364
2365 2365
2366 2366
2367 2367
2368 2368
2369 2369
2370 2370
2371 2371
2372 2372
2373 2373
2374 2374
2375 2375
2376 2376
2377 2377
2378 2378
2379 2379
2380 2380
2381 2381
2382 2382
2383 2383
2384 2384
2385 2385
2386 2386
2387 2387
2388 2388
2389 2389
2390 2390
2391 2391
2392 2392
2393 2393
2394 2394
2395 2395
2396 2396
2397 2397
2398 2398
2399 2399
2400 2400
2401 2401
2402 2402
2403 2403
2404 2404
2405 2405
2406 2406
2407 2407
2408 2408
2409 2409
2410 2410
2411 2411
2412 2412
2413 2413
2414 2414
2415 2415
2416 2416
2417 2417
2418 2418
2419 2419
2420 2420
2421 2421
2422 2422
2423 2423
2424 2424
2425 2425
2426 2426
2427 2427
2428 2428
2429 2429
2430 2430
2431 2431
2432 2432
2433 2433
2434 2434
2435 2435
2436 2436
2437 2437
2438 2438
2439 2439
2440 2440
2441 2441
2442 2442
2443 2443
2444 2444
2445 2445
2446 2446
2447 2447
2448 2448
2449 2449
2450 2450
2451 2451
2452 2452
2453 2453
2454 2454
2455 2455
2456 2456
2457 2457
2458 2458
2459 2459
2460 2460
2461 2461
2462 2462
2463 2463
2464 2464
2465 2465
2466 2466
2467 2467
2468 2468
2469 2469
2470 2470
2471 2471
2472 2472
2473 2473
2474 2474
2475 2475
2476 2476
2477 2477
2478 2478
2479 2479
2480 2480
2481 2481
2482 2482
2483 2483
2484 2484
2485 2485
2486 2486
2487 2487
2488 2488
2489 2489
2490 2490
2491 2491
2492 2492
2493 2493
2494 2494
2495 2495
2496 2496
2497 2497
2498 2498
2499 2499
2500 2500
2501 2501
2502 2502
2503 2503
2504 2504
2505 2505
2506 2506
2507 2507
2508 2508
2509 2509
2510 2510
2511 2511
2512 2512
2513 2513
2514 2514
2515 2515
2516 2516
2517 2517
2518 2518
2519 2519
2520 2520
2521 2521
2522 2522
2523 2523
2524 2524
2525 2525
2526 2526
2527 2527
2528 2528
2529 2529
2530 2530
2531 2531
2532 2532
2533 2533
2534 2534
2535 2535
2536 2536
2537 2537
2538 2538
2539 2539
2540 2540
2541 2541
2542 2542
2543 2543
2544 2544
2545 2545
2546 2546
2547 2547
2548 2548
2549 2549
2550 2550
2551 2551
2552 2552
2553 2553
2554 2554
2555 2555
2556 2556
2557 2557
2558 2558
2559 2559
2560 2560
2561 2561
2562 2562
2563 2563
2564 2564
2565 2565
2566 2566
2567 2567
2568 2568
2569 2569
2570 2570
2571 2571
2572 2572
2573 2573
2574 2574
2575 2575
2576 2576
2577 2577
2578 2578
2579 2579
2580 2580
2581 2581
2582 2582
2583 2583
2584 2584
2585 2585
2586 2586
2587 2587
2588 2588
2589 2589
2590 2590
2591 2591
2592 2592
2593 2593
2594 2594
2595 2595
2596 2596
2597 2597
2598 2598
2599 2599
2600 2600
2601 2601
2602 2602
2603 2603
2604 2604
2605 2605
2606 2606
2607 2607
2608 2608
2609 2609
2610 2610
2611 2611
2612 2612
2613 2613
2614 2614
2615 2615
2616 2616
2617 2617
2618 2618
2619 2619
2620 2620
2621 2621
2622 2622
2623 2623
2624 2624
2625 2625
2626 2626
2627 2627
2628 2628
2629 2629
2630 2630
2631 2631
2632 2632
2633 2633
2634 2634
2635 2635
2636 2636
2637 2637
2638 2638
2639 2639
2640 2640
2641 2641
2642 2642
2643 2643
2644 2644
2645 2645
2646 2646
2647 2647
2648 2648
2649 2649
2650 2650
2651 2651
2652 2652
2653 2653
2654 2654
2655 2655
2656 2656
2657 2657
2658 2658
2659 2659
2660 2660
2661 2661
2662 2662
2663 2663
2664 2664
2665 2665
2666 2666
2667 2667
2668 2668
2669 2669
2670 2670
2671 2671
2672 2672
2673 2673
2674 2674
2675 2675
2676 2676
2677 2677
2678 2678
2679 2679
2680 2680
2681 2681
2682 2682
2683 2683
2684 2684
2685 2685
2686 2686
2687 2687
2688 2688
2689 2689
2690 2690
2691 2691
2692 2692
2693 2693
2694 2694
2695 2695
2696 2696
2697 2697
2698 2698
2699 2699
2700 2700
2701 2701
2702 2702
2703 2703
2704 2704
2705 2705
2706 2706
2707 2707
2708 2708
2709 2709
2710 2710
2711 2711
2712 2712
2713 2713
2714 2714
2715 2715
2716 2716
2717 2717
2718 2718
2719 2719
2720 2720
2721 2721
2722 2722
2723 2723
2724 2724
2725 2725
2726 2726
2727 2727
2728 2728
2729 2729
2730 2730
2731 2731
2732 2732
2733 2733
2734 2734
2735 2735
2736 2736
2737 2737
2738 2738
2739 2739
2740 2740
2741 2741
2742 2742
2743 2743
2744 2744
2745 2745
2746 2746
2747 2747
2748 2748
2749 2749
2750 2750
2751 2751
2752 2752
2753 2753
2754 2754
2755 2755
2756 2756
2757 2757
2758 2758
2759 2759
2760 2760
2761 2761
2762 2762
2763 2763
2764 2764
2765 2765
2766 2766
2767 2767
2768 2768
2769 2769
2770 2770
2771 2771
2772 2772
2773 2773
2774 2774
2775 2775
2776 2776
2777 2777
2778 2778
2779 2779
2780 2780
2781 2781
2782 2782
2783 2783
2784 2784
2785 2785
2786 2786
2787 2787
2788 2788
2789 2789
2790 2790
2791 2791
2792 2792
2793 2793
2794 2794
2795 2795
2796 2796
2797 2797
2798 2798
2799 2799
2800 2800
2801 2801
2802 2802
2803 2803
2804 2804
2805 2805
2806 2806
2807 2807
2808 2808
2809 2809
2810 2810
2811 2811
2812 2812
2813 2813
2814 2814
2815 2815
2816 2816
2817 2817
2818 2818
2819 2819
2820 2820
2821 2821
2822 2822
2823 2823
2824 2824
2825 2825
2826 2826
2827 2827
2828 2828
2829 2829
2830 2830
2831 2831
2832 2832
2833 2833
2834 2834
2835 2835
2836 2836
2837 2837
2838 2838
2839 2839
2840 2840
2841 2841
2842 2842
2843 2843
2844 2844
2845 2845
2846 2846
2847 2847
2848 2848
2849 2849
2850 2850
2851 2851
2852 2852
2853 2853
2854 2854
2855 2855
2856 2856
2857 2857
2858 2858
2859 2859
2860 2860
2861 2861
2862 2862
2863 2863
2864 2864
2865 2865
2866 2866
2867 2867
2868 2868
2869 2869
2870 2870
2871 2871
2872 2872
2873 2873
2874 2874
2875 2875
2876 2876
2877 2877
2878 2878
2879 2879
2880 2880
2881 2881
2882 2882
2883 2883
2884 2884
2885 2885
2886 2886
2887 2887
2888 2888
2889 2889
2890 2890
2891 2891
2892 2892
2893 2893
2894 2894
2895 2895
2896 2896
2897 2897
2898 2898
2899 2899
2900 2900
2901 2901
2902 2902
2903 2903
2904 2904
2905 2905
2906 2906
2907 2907
2908 2908
2909 2909
2910 2910
2911 2911
2912 2912
2913 2913
2914 2914
2915 2915
2916 2916
2917 2917
2918 2918
2919 2919
2920 2920
2921 2921
2922 2922
2923 2923
2924 2924
2925 2925
2926 2926
2927 2927
2928 2928
2929 2929
2930 2930
2931 2931
2932 2932
2933 2933
2934 2934
2935 2935
2936 2936
2937 2937
2938 2938
2939 2939
2940 2940
2941 2941
2942 2942
2943 2943
2944 2944
2945 2945
2946 2946
2947 2947
2948 2948
2949 2949
2950 2950
2951 2951
2952 2952
2953 2953
2954 2954
2955 2955
2956 2956
2957 2957
2958 2958
2959 2959
2960 2960
2961 2961
2962 2962
2963 2963
2964 2964
2965 2965
2966 2966
2967 2967
2968 2968
2969 2969
2970 2970
2971 2971
2972 2972
2973 2973
2974 2974
2975 2975
2976 2976
2977 2977
2978 2978
2979 2979
2980 2980
2981 2981
2982 2982
2983 2983
2984 2984
2985 2985
2986 2986
2987 2987
2988 2988
2989 2989
2990 2990
2991 2991
2992 2992
2993 2993
2994 2994
2995 2995
2996 2996
2997 2997
2998 2998
2999 2999
3000 3000
3001 3001
3002 3002
3003 3003
3004 3004
3005 3005
3006 3006
3007 3007
3008 3008
3009 3009
3010 3010
3011 3011
3012 3012
3013 3013
3014 3014
3015 3015
3016 3016
3017 3017
3018 3018
3019 3019
3020 3020
3021 3021
3022 3022
3023 3023
3024 3024
3025 3025
3026 3026
3027 3027
3028 3028
3029 3029
3030 3030
3031 3031
3032 3032
3033 3033
3034 3034
3035 3035
3036 3036
3037 3037
3038 3038
3039 3039
3040 3040
3041 3041
3042 3042
3043 3043
3044 3044
3045 3045
3046 3046
3047 3047
3048 3048
3049 3049
3050 3050
3051 3051
3052 3052
3053 3053
3054 3054
3055 3055
3056 3056
3057 3057
3058 3058
3059 3059
3060 3060
3061 3061
3062 3062
3063 3063
3064 3064
3065 3065
3066 3066
3067 3067
3068 3068
3069 3069
3070 3070
3071 3071
3072 3072
3073 3073
3074 3074
3075 3075
3076 3076
3077 3077
3078 3078
3079 3079
3080 3080
3081 3081
3082 3082
3083 3083
3084 3084
3085 3085
3086 3086
3087 3087
3088 3088
3089 3089
3090 3090
3091 3091
3092 3092
3093 3093
3094 3094
3095 3095
3096 3096
3097 3097
3098 3098
3099 3099
3100 3100
3101 3101
3102 3102
3103 3103
3104 3104
3105 3105
3106 3106
3107 3107
3108 3108
3109 3109
3110 3110
3111 3111
3112 3112
3113 3113
3114 3114
3115 3115
3116 3116
3117 3117
3118 3118
3119 3119
3120 3120
3121 3121
3122 3122
3123 3123
3124 3124
3125 3125
3126 3126
3127 3127
3128 3128
3129 3129
3130 3130
3131 3131
3132 3132
3133 3133
3134 3134
3135 3135
3136 3136
3137 3137
3138 3138
3139 3139
3140 3140
3141 3141
3142 3142
3143 3143
3144 3144
3145 3145
3146 3146
3147 3147
3148 3148
3149 3149
3150 3150
3151 3151
3152 3152
3153 3153
3154 3154
3155 3155
3156 3156
3157 3157
3158 3158
3159 3159
3160 3160
3161 3161
3162 3162
3163 3163
3164 3164
3165 3165
3166 3166
3167 3167
3168 3168
3169 3169
3170 3170
3171 3171
3172 3172
3173 3173
3174 3174
3175 3175
3176 3176
3177 3177
3178 3178
3179 3179
3180 3180
3181 3181
3182 3182
3183 3183
3184 3184
3185 3185
3186 3186
3187 3187
3188 3188
3189 3189
3190 3190
3191 3191
3192 3192
3193 3193
3194 3194
3195 3195
3196 3196
3197 3197
3198 3198
3199 3199
3200 3200
3201 3201
3202 3202
3203 3203
3204 3204
3205 3205
3206 3206
3207 3207
3208 3208
3209 3209
3210 3210
3211 3211
3212 3212
3213 3213
3214 3214
3215 3215
3216 3216
3217 3217
3218 3218
3219 3219
3220 3220
3221 3221
3222 3222
3223 3223
3224 3224
3225 3225
3226 3226
3227 3227
3228 3228
3229 3229
3230 3230
3231 3231
3232 3232
3233 3233
3234 3234
3235 3235
3236 3236
3237 3237
3238 3238
3239 3239
3240 3240
3241 3241
3242 3242
3243 3243
3244 3244
3245 3245
3246 3246
3247 3247
3248 3248
3249 3249
3250 3250
3251 3251
3252 3252
3253 3253
3254 3254
3255 3255
3256 3256
3257 3257
3258 3258
3259 3259
3260 3260
3261 3261
3262 3262
3263 3263
3264 3264
3265 3265
3266 3266
3267 3267
3268 3268
3269 3269
3270 3270
3271 3271
3272 3272
3273 3273
3274 3274
3275 3275
3276 3276
3277 3277
3278 3278
3279 3279
3280 3280
3281 3281
3282 3282
3283 3283
3284 3284
3285 3285
3286 3286
3287 3287
3288 3288
3289 3289
3290 3290
3291 3291
3292 3292
3293 3293
3294 3294
3295 3295
3296 3296
3297 3297
3298 3298
3299 3299
3300 3300
3301 3301
3302 3302
3303 3303
3304 3304
3305 3305
3306 3306
3307 3307
3308 3308
3309 3309
3310 3310
3311 3311
3312 3312
3313 3313
3314 3314
3315 3315
3316 3316
3317 3317
3318 3318
3319 3319
3320 3320
3321 3321
3322 3322
3323 3323
3324 3324
3325 3325
3326 3326
3327 3327
3328 3328
3329 3329
3330 3330
3331 3331
3332 3332
3333 3333
3334 3334
3335 3335
3336 3336
3337 3337
3338 3338
3339 3339
3340 3340
3341 3341
3342 3342
3343 3343
3344 3344
3345 3345
3346 3346
3347 3347
3348 3348
3349 3349
3350 3350
3351 3351
3352 3352
3353 3353
3354 3354
3355 3355
3356 3356
3357 3357
3358 3358
3359 3359
3360 3360
3361 3361
3362 3362
3363 3363
3364 3364
3365 3365
3366 3366
3367 3367
3368 3368
3369 3369
3370 3370
3371 3371
3372 3372
3373 3373
3374 3374
3375 3375
3376 3376
3377 3377
3378 3378
3379 3379
3380 3380
3381 3381
3382 3382
3383 3383
3384 3384
3385 3385
3386 3386
3387 3387
3388 3388
3389 3389
3390 3390
3391 3391
3392 3392
3393 3393
3394 3394
3395 3395
3396 3396
3397 3397
3398 3398
3399 3399
3400 3400
3401 3401
3402 3402
3403 3403
3404 3404
3405 3405
3406 3406
3407 3407
3408 3408
3409 3409
3410 3410
3411 3411
3412 3412
3413 3413
3414 3414
3415 3415
3416 3416
3417 3417
3418 3418
3419 3419
3420 3420
3421 3421
3422 3422
3423 3423
3424 3424
3425 3425
3426 3426
3427 3427
3428 3428
3429 3429
3430 3430
3431 3431
3432 3432
3433 3433
3434 3434
3435 3435
3436 3436
3437 3437
3438 3438
3439 3439
3440 3440
3441 3441
3442 3442
3443 3443
3444 3444
3445 3445
3446 3446
3447 3447
3448 3448
3449 3449
3450 3450
3451 3451
3452 3452
3453 3453
3454 3454
3455 3455
3456 3456
3457 3457
3458 3458
3459 3459
3460 3460
3461 3461
3462 3462
3463 3463
3464 3464
3465 3465
3466 3466
3467 3467
3468 3468
3469 3469
3470 3470
3471 3471
3472 3472
3473 3473
3474 3474
3475 3475
3476 3476
3477 3477
3478 3478
3479 3479
3480 3480
3481 3481
3482 3482
3483 3483
3484 3484
3485 3485
3486 3486
3487 3487
3488 3488
3489 3489
3490 3490
3491 3491
3492 3492
3493 3493
3494 3494
3495 3495
3496 3496
3497 3497
3498 3498
3499 3499
3500 3500
3501 3501
3502 3502
3503 3503
3504 3504
3505 3505
3506 3506
3507 3507
3508 3508
3509 3509
3510 3510
3511 3511
3512 3512
3513 3513
3514 3514
3515 3515
3516 3516
3517 3517
3518 3518
3519 3519
3520 3520
3521 3521
3522 3522
3523 3523
3524 3524
3525 3525
3526 3526
3527 3527
3528 3528
3529 3529
3530 3530
3531 3531
3532 3532
3533 3533
3534 3534
3535 3535
3536 3536
3537 3537
3538 3538
3539 3539
3540 3540
3541 3541
3542 3542
3543 3543
3544 3544
3545 3545
3546 3546
3547 3547
3548 3548
3549 3549
3550 3550
3551 3551
3552 3552
3553 3553
3554 3554
3555 3555
3556 3556
3557 3557
3558 3558
3559 3559
3560 3560
3561 3561
3562 3562
3563 3563
3564 3564
3565 3565
3566 3566
3567 3567
3568 3568
3569 3569
3570 3570
3571 3571
3572 3572
3573 3573
3574 3574
3575 3575
3576 3576
3577 3577
3578 3578
3579 3579
3580 3580
3581 3581
3582 3582
3583 3583
3584 3584
3585 3585
3586 3586
3587 3587
3588 3588
3589 3589
3590 3590
3591 3591
3592 3592
3593 3593
3594 3594
3595 3595
3596 3596
3597 3597
3598 3598
3599 3599
3600 3600
3601 3601
3602 3602
3603 3603
3604 3604
3605 3605
3606 3606
3607 3607
3608 3608
3609 3609
3610 3610
3611 3611
3612 3612
3613 3613
3614 3614
3615 3615
3616 3616
3617 3617
3618 3618
3619 3619
3620 3620
3621 3621
3622 3622
3623 3623
3624 3624
3625 3625
3626 3626
3627 3627
3628 3628
3629 3629
3630 3630
3631 3631
3632 3632
3633 3633
3634 3634
3635 3635
3636 3636
3637 3637
3638 3638
3639 3639
3640 3640
3641 3641
3642 3642
3643 3643
3644 3644
3645 3645
3646 3646
3647 3647
3648 3648
3649 3649
3650 3650
3651 3651
3652 3652
3653 3653
3654 3654
3655 3655
3656 3656
3657 3657
3658 3658
3659 3659
3660 3660
3661 3661
3662 3662
3663 3663
3664 3664
3665 3665
3666 3666
3667 3667
3668 3668
3669 3669
3670 3670
3671 3671
3672 3672
3673 3673
3674 3674
3675 3675
3676 3676
3677 3677
3678 3678
3679 3679
3680 3680
3681 3681
3682 3682
3683 3683
3684 3684
3685 3685
3686 3686
3687 3687
3688 3688
3689 3689
3690 3690
3691 3691
3692 3692
3693 3693
3694 3694
3695 3695
3696 3696
3697 3697
3698 3698
3699 3699
3700 3700
3701 3701
3702 3702
3703 3703
3704 3704
3705 3705
3706 3706
3707 3707
3708 3708
3709 3709
3710 3710
3711 3711
3712 3712
3713 3713
3714 3714
3715 3715
3716 3716
3717 3717
3718 3718
3719 3719
3720 3720
3721 3721
3722 3722
3723 3723
3724 3724
3725 3725
3726 3726
3727 3727
3728 3728
3729 3729
3730 3730
3731 3731
3732 3732
3733 3733
3734 3734
3735 3735
3736 3736
3737 3737
3738 3738
3739 3739
3740 3740
3741 3741
3742 3742
3743 3743
3744 3744
3745 3745
3746 3746
3747 3747
3748 3748
3749 3749
3750 3750
3751 3751
3752 3752
3753 3753
3754 3754
3755 3755
3756 3756
3757 3757
3758 3758
3759 3759
3760 3760
3761 3761
3762 3762
3763 3763
3764 3764
3765 3765
3766 3766
3767 3767
3768 3768
3769 3769
3770 3770
3771 3771
3772 3772
3773 3773
3774 3774
3775 3775
3776 3776
3777 3777
3778 3778
3779 3779
3780 3780
3781 3781
3782 3782
3783 3783
3784 3784
3785 3785
3786 3786
3787 3787
3788 3788
3789 3789
3790 3790
3791 3791
3792 3792
3793 3793
3794 3794
3795 3795
3796 3796
3797 3797
3798 3798
3799 3799
3800 3800
3801 3801
3802 3802
3803 3803
3804 3804
3805 3805
3806 3806
3807 3807
3808 3808
3809 3809
3810 3810
3811 3811
3812 3812
3813 3813
3814 3814
3815 3815
3816 3816
3817 3817
3818 3818
3819 3819
3820 3820
3821 3821
3822 3822
3823 3823
3824 3824
3825 3825
3826 3826
3827 3827
3828 3828
3829 3829
3830 3830
3831 3831
3832 3832
3833 3833
3834 3834
3835 3835
3836 3836
3837 3837
3838 3838
3839 3839
3840 3840
3841 3841
3842 3842
3843 3843
3844 3844
3845 3845
3846 3846
3847 3847
3848 3848
3849 3849
3850 3850
3851 3851
3852 3852
3853 3853
3854 3854
3855 3855
3856 3856
3857 3857
3858 3858
3859 3859
3860 3860
3861 3861
3862 3862
3863 3863
3864 3864
3865 3865
3866 3866
3867 3867
3868 3868
3869 3869
3870 3870
3871 3871
3872 3872
3873 3873
3874 3874
3875 3875
3876 3876
3877 3877
3878 3878
3879 3879
3880 3880
3881 3881
3882 3882
3883 3883
3884 3884
3885 3885
3886 3886
3887 3887
3888 3888
3889 3889
3890 3890
3891 3891
3892 3892
3893 3893
3894 3894
3895 3895
3896 3896
3897 3897
3898 3898
3899 3899
3900 3900
3901 3901
3902 3902
3903 3903
3904 3904
3905 3905
3906 3906
3907 3907
3908 3908
3909 3909
3910 3910
3911 3911
3912 3912
3913 3913
3914 3914
3915 3915
3916 3916
3917 3917
3918 3918
3919 3919
3920 3920
3921 3921
3922 3922
3923 3923
3924 3924
3925 3925
3926 3926
3927 3927
3928 3928
3929 3929
3930 3930
3931 3931
3932 3932
3933 3933
3934 3934
3935 3935
3936 3936
3937 3937
3938 3938
3939 3939
3940 3940
3941 3941
3942 3942
3943 3943
3944 3944
3945 3945
3946 3946
3947 3947
3948 3948
3949 3949
3950 3950
3951 3951
3952 3952
3953 3953
3954 3954
3955 3955
3956 3956
3957 3957
3958 3958
3959 3959
3960 3960
3961 3961
3962 3962
3963 3963
3964 3964
3965 3965
3966 3966
3967 3967
3968 3968
3969 3969
3970 3970
3971 3971
3972 3972
3973 3973
3974 3974
3975 3975
3976 3976
3977 3977
3978 3978
3979 3979
3980 3980
3981 3981
3982 3982
3983 3983
3984 3984
3985 3985
3986 3986
3987 3987
3988 3988
3989 3989
3990 3990
3991 3991
3992 3992
3993 3993
3994 3994
3995 3995
3996 3996
3997 3997
3998 3998
3999 3999
4000 4000
4001 4001
4002 4002
4003 4003
4004 4004
4005 4005
4006 4006
4007 4007
4008 4008
4009 4009
4010 4010
4011 4011
4012 4012
4013 4013
4014 4014
4015 4015
4016 4016
4017 4017
4018 4018
4019 4019
4020 4020
4021 4021
4022 4022
4023 4023
4024 4024
4025 4025
4026 4026
4027 4027
4028 4028
4029 4029
4030 4030
4031 4031
4032 4032
4033 4033
4034 4034
4035 4035
4036 4036
4037 4037
4038 4038
4039 4039
4040 4040
4041 4041
4042 4042
4043 4043
4044 4044
4045 4045
4046 4046
4047 4047
4048 4048
4049 4049
4050 4050
4051 4051
4052 4052
4053 4053
4054 4054
4055 4055
4056 4056
4057 4057
4058 4058
4059 4059
4060 4060
4061 4061
4062 4062
4063 4063
4064 4064
4065 4065
4066 4066
4067 4067
4068 4068
4069 4069
4070 4070
4071 4071
4072 4072
4073 4073
4074 4074
4075 4075
4076 4076
4077 4077
4078 4078
4079 4079
4080 4080
4081 4081
4082 4082
4083 4083
4084 4084
4085 4085
4086 4086
4087 4087
4088 4088
4089 4089
4090 4090
4091 4091
4092 4092
4093 4093
4094 4094
4095 4095
4096 4096
4097 4097
4098 4098
4099 4099
4100 4100
4101 4101
4102 4102
4103 4103
4104 4104
4105 4105
4106 4106
4107 4107
4108 4108
4109 4109
4110 4110
4111 4111
4112 4112
4113 4113
4114 4114
4115 4115
4116 4116
4117 4117
4118 4118
4119 4119
4120 4120
4121 4121
4122 4122
4123 4123
4124 4124
4125 4125
4126 4126
4127 4127
4128 4128
4129 4129
4130 4130
4131 4131
4132 4132
4133 4133
4134 4134
4135 4135
4136 4136
4137 4137
4138 4138
4139 4139
4140 4140
4141 4141
4142 4142
4143 4143
4144 4144
4145 4145
4146 4146
4147 4147
4148 4148
4149 4149
4150 4150
4151 4151
4152 4152
4153 4153
4154 4154
4155 4155
4156 4156
4157 4157
4158 4158
4159 4159
4160 4160
4161 4161
4162 4162
4163 4163
4164 4164
4165 4165
4166 4166
4167 4167
4168 4168
4169 4169
4170 4170
4171 4171
4172 4172
4173 4173
4174 4174
4175 4175
4176 4176
4177 4177
4178 4178
4179 4179
4180 4180
4181 4181
4182 4182
4183 4183
4184 4184
4185 4185
4186 4186
4187 4187
4188 4188
4189 4189
4190 4190
4191 4191
4192 4192
4193 4193
4194 4194
4195 4195
4196 4196
4197 4197
4198 4198
4199 4199
4200 4200
4201 4201
4202 4202
4203 4203
4204 4204
4205 4205
4206 4206
4207 4207
4208 4208
4209 4209
4210 4210
4211 4211
4212 4212
4213 4213
4214 4214
4215 4215
4216 4216
4217 4217
4218 4218
4219 4219
4220 4220
4221 4221
4222 4222
4223 4223
4224 4224
4225 4225
4226 4226
4227 4227
4228 4228
4229 4229
4230 4230
4231 4231
4232 4232
4233 4233
4234 4234
4235 4235
4236 4236
4237 4237
4238 4238
4239 4239
4240 4240
4241 4241
4242 4242
4243 4243
4244 4244
4245 4245
4246 4246
4247 4247
4248 4248
4249 4249
4250 4250
4251 4251
4252 4252
4253 4253
4254 4254
4255 4255
4256 4256
4257 4257
4258 4258
4259 4259
4260 4260
4261 4261
4262 4262
4263 4263
4264 4264
4265 4265
4266 4266
4267 4267
4268 4268
4269 4269
4270 4270
4271 4271
4272 4272
4273 4273
4274 4274
4275 4275
4276 4276
4277 4277
4278 4278
4279 4279
4280 4280
4281 4281
4282 4282
4283 4283
4284 4284
4285 4285
4286 4286
4287 4287
4288 4288
4289 4289
4290 4290
4291 4291
4292 4292
4293 4293
4294 4294
4295 4295
4296 4296
4297 4297
4298 4298
4299 4299
4300 4300
4301 4301
4302 4302
4303 4303
4304 4304
4305 4305
4306 4306
4307 4307
4308 4308
4309 4309
4310 4310
4311 4311
4312 4312
4313 4313
4314 4314
4315 4315
4316 4316
4317 4317
4318 4318
4319 4319
4320 4320
4321 4321
4322 4322
4323 4323
4324 4324
4325 4325
4326 4326
4327 4327
4328 4328
4329 4329
4330 4330
4331 4331
4332 4332
4333 4333
4334 4334
4335 4335
4336 4336
4337 4337
4338 4338
4339 4339
4340 4340
4341 4341
4342 4342
4343 4343
4344 4344
4345 4345
4346 4346
4347 4347
4348 4348
4349 4349
4350 4350
4351 4351
4352 4352
4353 4353
4354 4354
4355 4355
4356 4356
4357 4357
4358 4358
4359 4359
4360 4360
4361 4361
4362 4362
4363 4363
4364 4364
4365 4365
4366 4366
4367 4367
4368 4368
4369 4369
4370 4370
4371 4371
4372 4372
4373 4373
4374 4374
4375 4375
4376 4376
4377 4377
4378 4378
4379 4379
4380 4380
4381 4381
4382 4382
4383 4383
4384 4384
4385 4385
4386 4386
4387 4387
4388 4388
4389 4389
4390 4390
4391 4391
4392 4392
4393 4393
4394 4394
4395 4395
4396 4396
4397 4397
4398 4398
4399 4399
4400 4400
4401 4401
4402 4402
4403 4403
4404 4404
4405 4405
4406 4406
4407 4407
4408 4408
4409 4409
4410 4410
4411 4411
4412 4412
4413 4413
4414 4414
4415 4415
4416 4416
4417 4417
4418 4418
4419 4419
4420 4420
4421 4421
4422 4422
4423 4423
4424 4424
4425 4425
4426 4426
4427 4427
4428 4428
4429 4429
4430 4430
4431 4431
4432 4432
4433 4433
4434 4434
4435 4435
4436 4436
4437 4437
4438 4438
4439 4439
4440 4440
4441 4441
4442 4442
4443 4443
4444 4444
4445 4445
4446 4446
4447 4447
4448 4448
4449 4449
4450 4450
4451 4451
4452 4452
4453 4453
4454 4454
4455 4455
4456 4456
4457 4457
4458 4458
4459 4459
4460 4460
4461 4461
4462 4462
4463 4463
4464 4464
4465 4465
4466 4466
4467 4467
4468 4468
4469 4469
4470 4470
4471 4471
4472 4472
4473 4473
4474 4474
4475 4475
4476 4476
4477 4477
4478 4478
4479 4479
4480 4480
4481 4481
4482 4482
4483 4483
4484 4484
4485 4485
4486 4486
4487 4487
4488 4488
4489 4489
4490 4490
4491 4491
4492 4492
4493 4493
4494 4494
4495 4495
4496 4496
4497 4497
4498 4498
4499 4499
4500 4500
4501 4501
4502 4502
4503 4503
4504 4504
4505 4505
4506 4506
4507 4507
4508 4508
4509 4509
4510 4510
4511 4511
4512 4512
4513 4513
4514 4514
4515 4515
4516 4516
4517 4517
4518 4518
4519 4519
4520 4520
4521 4521
4522 4522
4523 4523
4524 4524
4525 4525
4526 4526
4527 4527
4528 4528
4529 4529
4530 4530
4531 4531
4532 4532
4533 4533
4534 4534
4535 4535
4536 4536
4537 4537
4538 4538
4539 4539
4540 4540
4541 4541
4542 4542
4543 4543
4544 4544
4545 4545
4546 4546
4547 4547
4548 4548
4549 4549
4550 4550
4551 4551
4552 4552
4553 4553
4554 4554
4555 4555
4556 4556
4557 4557
4558 4558
4559 4559
4560 4560
4561 4561
4562 4562
4563 4563
4564 4564
4565 4565
4566 4566
4567 4567
4568 4568
4569 4569
4570 4570
4571 4571
4572 4572
4573 4573
4574 4574
4575 4575
4576 4576
4577 4577
4578 4578
4579 4579
4580 4580
4581 4581
4582 4582
4583 4583
4584 4584
4585 4585
4586 4586
4587 4587
4588 4588
4589 4589
4590 4590
4591 4591
4592 4592
4593 4593
4594 4594
4595 4595
4596 4596
4597 4597
4598 4598
4599 4599
4600 4600
4601 4601
4602 4602
4603 4603
4604 4604
4605 4605
4606 4606
4607 4607
4608 4608
4609 4609
4610 4610
4611 4611
4612 4612
4613 4613
4614 4614
4615 4615
4616 4616
4617 4617
4618 4618
4619 4619
4620 4620
4621 4621
4622 4622
4623 4623
4624 4624
4625 4625
4626 4626
4627 4627
4628 4628
4629 4629
4630 4630
4631 4631
4632 4632
4633 4633
4634 4634
4635 4635
4636 4636
4637 4637
4638 4638
4639 4639
4640 4640
4641 4641
4642 4642
4643 4643
4644 4644
4645 4645
4646 4646
4647 4647
4648 4648
4649 4649
4650 4650
4651 4651
4652 4652
4653 4653
4654 4654
4655 4655
4656 4656
4657 4657
4658 4658
4659 4659
4660 4660
4661 4661
4662 4662
4663 4663
4664 4664
4665 4665
4666 4666
4667 4667
4668 4668
4669 4669
4670 4670
4671 4671
4672 4672
4673 4673
4674 4674
4675 4675
4676 4676
4677 4677
4678 4678
4679 4679
4680 4680
4681 4681
4682 4682
4683 4683
4684 4684
4685 4685
4686 4686
4687 4687
4688 4688
4689 4689
4690 4690
4691 4691
4692 4692
4693 4693
4694 4694
4695 4695
4696 4696
4697 4697
4698 4698
4699 4699
4700 4700
4701 4701
4702 4702
4703 4703
4704 4704
4705 4705
4706 4706
4707 4707
4708 4708
4709 4709
4710 4710
4711 4711
4712 4712
4713 4713
4714 4714
4715 4715
4716 4716
4717 4717
4718 4718
4719 4719
4720 4720
4721 4721
4722 4722
4723 4723
4724 4724
4725 4725
4726 4726
4727 4727
4728 4728
4729 4729
4730 4730
4731 4731
4732 4732
4733 4733
4734 4734
4735 4735
4736 4736
4737 4737
4738 4738
4739 4739
4740 4740
4741 4741
4742 4742
4743 4743
4744 4744
4745 4745
4746 4746
4747 4747
4748 4748
4749 4749
4750 4750
4751 4751
4752 4752
4753 4753
4754 4754
4755 4755
4756 4756
4757 4757
4758 4758
4759 4759
4760 4760
4761 4761
4762 4762
4763 4763
4764 4764
4765 4765
4766 4766
4767 4767
4768 4768
4769 4769
4770 4770
4771 4771
4772 4772
4773 4773
4774 4774
4775 4775
4776 4776
4777 4777
4778 4778
4779 4779
4780 4780
4781 4781
4782 4782
4783 4783
4784 4784
4785 4785
4786 4786
4787 4787
4788 4788
4789 4789
4790 4790
4791 4791
4792 4792
4793 4793
4794 4794
4795 4795
4796 4796
4797 4797
4798 4798
4799 4799
4800 4800
4801 4801
4802 4802
4803 4803
4804 4804
4805 4805
4806 4806
4807 4807
4808 4808
4809 4809
4810 4810
4811 4811
4812 4812
4813 4813
4814 4814
4815 4815
4816 4816
4817 4817
4818 4818
4819 4819
4820 4820
4821 4821
4822 4822
4823 4823
4824 4824
4825 4825
4826 4826
4827 4827
4828 4828
4829 4829
4830 4830
4831 4831
4832 4832
4833 4833
4834 4834
4835 4835
4836 4836
4837 4837
4838 4838
4839 4839
4840 4840
4841 4841
4842 4842
4843 4843
4844 4844
4845 4845
4846 4846
4847 4847
4848 4848
4849 4849
4850 4850
4851 4851
4852 4852
4853 4853
4854 4854
4855 4855
4856 4856
4857 4857
4858 4858
4859 4859
4860 4860
4861 4861
4862 4862
4863 4863
4864 4864
4865 4865
4866 4866
4867 4867
4868 4868
4869 4869
4870 4870
4871 4871
4872 4872
4873 4873
4874 4874
4875 4875
4876 4876
4877 4877
4878 4878
4879 4879
4880 4880
4881 4881
4882 4882
4883 4883
4884 4884
4885 4885
4886 4886
4887 4887
4888 4888
4889 4889
4890 4890
4891 4891
4892 4892
4893 4893
4894 4894
4895 4895
4896 4896
4897 4897
4898 4898
4899 4899
4900 4900
4901 4901
4902 4902
4903 4903
4904 4904
4905 4905
4906 4906
4907 4907
4908 4908
4909 4909
4910 4910
4911 4911
4912 4912
4913 4913
4914 4914
4915 4915
4916 4916
4917 4917
4918 4918
4919 4919
4920 4920
4921 4921
4922 4922
4923 4923
4924 4924
4925 4925
4926 4926
4927 4927
4928 4928
4929 4929
4930 4930
4931 4931
4932 4932
4933 4933
4934 4934
4935 4935
4936 4936
4937 4937
4938 4938
4939 4939
4940 4940
4941 4941
4942 4942
4943 4943
4944 4944
4945 4945
4946 4946
4947 4947
4948 4948
4949 4949
4950 4950
4951 4951
4952 4952
4953 4953
4954 4954
4955 4955
4956 4956
4957 4957
4958 4958
4959 4959
4960 4960
4961 4961
4962 4962
4963 4963
4964 4964
4965 4965
4966 4966
4967 4967
4968 4968
4969 4969
4970 4970
4971 4971
4972 4972
4973 4973
4974 4974
4975 4975
4976 4976
4977 4977
4978 4978
4979 4979
4980 4980
4981 4981
4982 4982
4983 4983
4984 4984
4985 4985
4986 4986
4987 4987
4988 4988
4989 4989
4990 4990
4991 4991
4992 4992
4993 4993
4994 4994
4995 4995
4996 4996
4997 4997
4998 4998
4999 4999
5000 5000
5001 5001
5002 5002
5003 5003
5004 5004
5005 5005
5006 5006
5007 5007
5008 5008
5009 5009
5010 5010
5011 5011
5012 5012
5013 5013
5014 5014
5015 5015
5016 5016
5017 5017
5018 5018
5019 5019
5020 5020
5021 5021
5022 5022
5023 5023
5024 5024
5025 5025
5026 5026
5027 5027
5028 5028
5029 5029
5030 5030
5031 5031
5032 5032
5033 5033
5034 5034
5035 5035
5036 5036
5037 5037
5038 5038
5039 5039
5040 5040
5041 5041
5042 5042
5043 5043
5044 5044
5045 5045
5046 5046
5047 5047
5048 5048
5049 5049
5050 5050
5051 5051
5052 5052
5053 5053
5054 5054
5055 5055
5056 5056
5057 5057
5058 5058
5059 5059
5060 5060
5061 5061
5062 5062
5063 5063
5064 5064
5065 5065
5066 5066
5067 5067
5068 5068
5069 5069
5070 5070
5071 5071
5072 5072
5073 5073
5074 5074
5075 5075
5076 5076
5077 5077
5078 5078
5079 5079
5080 5080
5081 5081
5082 5082
5083 5083
5084 5084
5085 5085
5086 5086
5087 5087
5088 5088
5089 5089
5090 5090
5091 5091
5092 5092
5093 5093
5094 5094
5095 5095
5096 5096
5097 5097
5098 5098
5099 5099
5100 5100
5101 5101
5102 5102
5103 5103
5104 5104
5105 5105
5106 5106
5107 5107
5108 5108
5109 5109
5110 5110
5111 5111
5112 5112
5113 5113
5114 5114
5115 5115
5116 5116
5117 5117
5118 5118
5119 5119
5120 5120
5121 5121
5122 5122
5123 5123
5124 5124
5125 5125
5126 5126
5127 5127
5128 5128
5129 5129
5130 5130
5131 5131
5132 5132
5133 5133
5134 5134
5135 5135
5136 5136
5137 5137
5138 5138
5139 5139
5140 5140
5141 5141
5142 5142
5143 5143
5144 5144
5145 5145
5146 5146
5147 5147
5148 5148
5149 5149
5150 5150
5151 5151
5152 5152
5153 5153
5154 5154
5155 5155
5156 5156
5157 5157
5158 5158
5159 5159
5160 5160
5161 5161
5162 5162
5163 5163
5164 5164
5165 5165
5166 5166
5167 5167
5168 5168
5169 5169
5170 5170
5171 5171
5172 5172
5173 5173
5174 5174
5175 5175
5176 5176
5177 5177
5178 5178
5179 5179
5180 5180
5181 5181
5182 5182
5183 5183
5184 5184
5185 5185
5186 5186
5187 5187
5188 5188
5189 5189
5190 5190
5191 5191
5192 5192
5193 5193
5194 5194
5195 5195
5196 5196
5197 5197
5198 5198
5199 5199
5200 5200
5201 5201
5202 5202
5203 5203
5204 5204
5205 5205
5206 5206
5207 5207
5208 5208
5209 5209
5210 5210
5211 5211
5212 5212
5213 5213
5214 5214
5215 5215
5216 5216
5217 5217
5218 5218
5219 5219
5220 5220
5221 5221
5222 5222
5223 5223
5224 5224
5225 5225
5226 5226
5227 5227
5228 5228
5229 5229
5230 5230
5231 5231
5232 5232
5233 5233
5234 5234
5235 5235
5236 5236
5237 5237
5238 5238
5239 5239
5240 5240
5241 5241
5242 5242
5243 5243
5244 5244
5245 5245
5246 5246
5247 5247
5248 5248
5249 5249
5250 5250
5251 5251
5252 5252
5253 5253
5254 5254
5255 5255
5256 5256
5257 5257
5258 5258
5259 5259
5260 5260
5261 5261
5262 5262
5263 5263
5264 5264
5265 5265
5266 5266
5267 5267
5268 5268
5269 5269
5270 5270
5271 5271
5272 5272
5273 5273
5274 5274
5275 5275
5276 5276
5277 5277
5278 5278
5279 5279
5280 5280
5281 5281
5282 5282
5283 5283
5284 5284
5285 5285
5286 5286
5287 5287
5288 5288
5289 5289
5290 5290
5291 5291
5292 5292
5293 5293
5294 5294
5295 5295
5296 5296
5297 5297
5298 5298
5299 5299
5300 5300
5301 5301
5302 5302
5303 5303
5304 5304
5305 5305
5306 5306
5307 5307
5308 5308
5309 5309
5310 5310
5311 5311
5312 5312
5313 5313
5314 5314
5315 5315
5316 5316
5317 5317
5318 5318
5319 5319
5320 5320
5321 5321
5322 5322
5323 5323
5324 5324
5325 5325
5326 5326
5327 5327
5328 5328
5329 5329
5330 5330
5331 5331
5332 5332
5333 5333
5334 5334
5335 5335
5336 5336
5337 5337
5338 5338
5339 5339
5340 5340
5341 5341
5342 5342
5343 5343
5344 5344
5345 5345
5346 5346
5347 5347
5348 5348
5349 5349
5350 5350
5351 5351
5352 5352
5353 5353
5354 5354
5355 5355
5356 5356
5357 5357
5358 5358
5359 5359
5360 5360
5361 5361
5362 5362
5363 5363
5364 5364
5365 5365
5366 5366
5367 5367
5368 5368
5369 5369
5370 5370
5371 5371
5372 5372
5373 5373
5374 5374
5375 5375
5376 5376
5377 5377
5378 5378
5379 5379
5380 5380
5381 5381
5382 5382
